87 26 43 11 43 89 90 19 39 18 54 72 97 16 18 75 72 64 30 16 11 47 62 68 41 75 97 11 86 61 67 8 95 73 2 79 51 73 48 7 63 74 4 7 19 94 94 38 11 74 33 52 87 7 14 87 91 26 80 2 19 15 86 95 77 97 5 71 61 60 82 95 46 60 52 79 81 88 71 23 47 96 30 53 63 14 14 37 62 62 98 15 54 55 79 4 7 10 21 34
92 35 1 85 61 81 46 96 90 84 84 45 82 21 69 24 74 93 88 46 63 15 1 83 90 12 84 90 81 39 72 62 69 45 66 57 100 41 38 66 45 26 77 12 44 70 42 68 9 55 7 50 67 36 3 12 24 3 79 58 66 8 63 4 9 29 27 73 24 49 30 91 31 46 44 41 8 36 49 60 46 98 13 30 75 43 61 96 26 2 40 3 77 53 2 75 8 92 47 91
2 3 68 72 86 17 33 25 73 52 84 67 98 42 75 63 25 37 73 46 15 59 98 61 50 6 28 53 31 68 48 57 19 3 7 5 87 90 48 99 24 3 5 13 68 57 74 43 8 65 36 71 64 59 49 37 5 74 6 74 17 77 4 86 36 25 43 86 62 16 8 66 61 37 85 21 84 30 34 60 89 76 51 8 30 48 48 9 45 28 7 9 51 95 69 2 15 77 8 11
4 5 32 32 94 7 18 26 44 54 59 90 8 56 19 46 23 64 54 69 98 51 10 56 90 8 75 73 19 14 37 65 54 35 60 36 63 46 97 90 29 19 64 99 76 6 4 34 31 21 49 99 37 7 15 1 100 56 27 17 75 76 26 84 34 72 69 69 48 90 19 22 25 77 68 19 29 78 14 98 3 93 23 90 96 62 2 44 35 66 69 82 52 58 91 66 55 71 24 43
70 48 2 19 48 16 16 47 26 39 39 64 39 23 9 18 22 14 63 21 49 85 84 16 49 47 47 1 54 33 84 69 93 68 45 94 61 91 62 41 80 53 19 71 95 87 60 38 72 74 34 35 90 98 41 54 6 1 6 36 55 57 48 86 78 22 71 3 30 6 57 62 91 79 98 78 16 2 15 95 9 39 87 9 97 50 100 89 53 86 77 21 34 24 29 17 37 49 33 77
49 61 75 4 48 72 74 32 94 46 93 25 4 33 92 74 90 56 53 5 38 64 12 13 75 6 1 25 79 37 38 50 99 1 67 27 64 96 31 76 7 11 45 39 20 96 13 13 50 1 88 55 97 63 36 47 90 37 63 35 37 10 34 66 26 7 34 35 53 4 78 91 18 29 47 68 48 70 87 76 46 21 25 95 59 88 3 22 50 84 79 46 46 95 88 56 43 49 68 48
15 85 74 38 77 64 8 69 100 91 43 24 50 70 34 63 38 93 83 6 89 51 93 80 2 94 71 9 32 1 18 59 77 84 93 71 10 48 84 14 52 27 44 15 22 35 18 55 39 96 42 18 95 50 66 42 50 62 59 53 96 79 63 88 76 1 35 85 43 82 33 13 4 34 19 66 6 63 56 84 95 95 51 36 90 83 57 27 5 41 55 35 85 74 41 96 30 76 9 44
80 58 6 23 55 71 36 20 20 31 88 51 71 74 27 83 64 40 28 12 89 36 19 85 45 34 30 71 68 69 59 87 49 48 23 61 1 29 7 26 39 88 66 22 71 7 71 40 96 24 93 81 51 3 95 84 66 87 82 37 37 91 85 30 3 41 67 56 59 8 8 14 85 33 18 33 62 57 52 29 20 88 26 39 74 46 32 26 44 45 79 9 21 15 5 41 16 89 61 55
68 43 84 53 23 23 97 100 70 11 3 61 48 88 41 90 93 20 97 47 24 100 23 13 21 83 17 85 47 8 57 94 58 76 62 45 82 71 26 3 60 66 10 76 44 18 27 91 4 42 81 21 95 13 46 70 5 22 56 73 56 94 9 63 26 19 79 72 55 43 47 49 61 35 80 65 30 82 18 95 58 83 56 83 80 87 93 95 29 63 28 2 64 70 94 63 71 47 49 97
23 12 72 58 83 31 25 100 35 24 85 67 43 78 13 86 5 57 81 17 50 90 17 16 94 37 73 41 46 44 20 26 3 59 27 91 91 7 57 72 28 88 61 46 91 56 48 18 26 54 27 78 35 44 67 80 3 17 82 44 79 93 94 57 63 88 64 61 12 10 73 1 13 90 20 68 55 98 80 58 88 90 36 27 18 6 48 62 82 24 66 58 20 29 4 30 23 83 78 84
4 5 60 50 7 20 29 6 77 69 70 9 94 48 72 11 25 24 56 62 61 71 49 70 79 17 85 55 82 68 48 89 80 74 8 7 27 57 6 17 54 32 98 96 75 93 91 58 55 8 63 14 77 96 50 58 54 88 78 68 74 51 10 75 41 73 97 43 42 67 12 23 42 83 24 68 18 77 76 83 78 29 75 91 80 28 25 69 87 61 5 76 55 3 25 78 64 62 70 56
9 37 65 48 57 14 1 2 6 93 76 36 60 53 67 11 80 11 96 66 62 74 41 82 9 75 43 50 61 10 29 31 35 49 25 63 92 46 54 16 8 7 67 14 29 2 35 10 56 8 71 89 77 30 26 89 55 56 60 90 50 93 29 70 70 27 17 100 14 87 56 99 87 1 60 7 39 40 70 25 98 58 39 84 53 88 69 32 2 74 93 15 25 44 66 86 61 2 95 86
97 90 47 99 41 30 22 42 33 1 93 38 5 92 35 15 39 71 58 100 89 17 44 55 80 9 28 63 82 54 97 94 81 58 42 36 30 38 70 50 85 85 60 9 79 38 18 9 94 81 34 23 60 84 90 18 48 69 88 29 86 76 40 18 59 64 85 31 30 94 25 56 44 90 100 41 66 34 23 70 94 32 27 80 48 52 94 68 53 1 3 51 49 60 22 97 43 22 76 19
32 93 16 76 69 83 97 37 66 40 99 62 34 71 40 100 73 20 85 8 18 34 37 33 58 21 33 44 99 60 44 80 37 39 48 47 28 17 12 52 89 31 48 32 86 27 49 15 59 71 12 67 93 74 65 58 72 35 11 85 72 35 91 44 83 96 42 40 20 97 40 87 39 13 16 49 59 44 98 84 93 37 32 70 77 34 20 1 55 33 49 49 13 81 95 75 46 38 59 64
58 56 12 32 39 38 58 12 16 41 19 69 36 55 24 64 64 74 90 94 16 61 54 69 80 95 21 99 22 5 29 79 10 79 69 23 80 95 77 22 78 88 85 73 4 88 3 99 47 20 84 47 62 68 27 10 67 68 66 88 71 7 42 93 91 33 79 49 13 92 11 70 23 72 90 30 74 66 48 40 73 60 89 11 85 69 17 3 47 54 85 3 41 46 88 3 42 56 12 8
